    0.9054    0.4953    0.1752
    2.7040   -0.6350    0.1581
   -1.3685    1.7635   -3.0074
   -2.4080    2.6540   -5.1523
    1.8927   -1.4935    2.0024
    2.3281    1.0863    0.9264
    2.7406    1.4610    0.9031
   -0.8133   -0.4019   -0.1172
    0.9781   -1.6430    2.1712
    1.0289   -1.8626    2.8918
    0.0190   -0.5737    0.0063
    0.9183    2.3472    4.0809
    1.6026    2.7646    7.2387
   -1.2588    2.9887   -8.4918
   -2.7244    0.4872   -0.0919
    1.3907   -0.6400    0.4122
    0.2319    2.1106    0.9973
    1.7349   -2.0990    4.4475
   -2.9695   -2.8982   -1.4585
    2.1818    0.8953    0.6438
   -2.0515    0.5335   -0.2552
    1.2551    0.4952    0.2377
    2.1997    1.6497    2.3168
    0.7626   -0.5989    0.2336
   -2.2681   -1.8373   -2.5342
    0.4954    1.4981    0.9827
    0.6530    1.3420    1.1118
   -1.9757   -1.6960   -2.6133
   -2.2454    0.9595   -0.6580
    2.7825    2.2835    1.8695
   -0.8829   -2.2011   -3.7161
    0.4474   -0.9605    0.4295
    1.4624   -0.0091    0.0001
    1.6311    1.3648    1.9863
   -0.5992    0.3642   -0.0738
   -0.6315   -2.0239   -2.3781
   -1.7467   -2.1754   -4.8353
    2.7394    0.5362    0.1123
    0.3356    1.2791    0.5238
    1.9859    0.6707    0.3940
   -1.6005    0.3237   -0.1097
    0.7500   -0.2302    0.0375
    1.3468    0.3304    0.1106
    0.4583    1.5271    0.9537
    0.3123   -1.9242    1.1452
   -0.9033    0.8029   -0.4727
    1.8987    2.2759    4.5731
   -2.8277   -1.7854   -0.9180
   -0.6339   -2.9330   -4.7517
    0.5804    1.4369    1.0584
    0.0779   -2.5514    0.5480
   -2.4195    1.7462   -1.9412
    0.9306   -0.2583    0.0562
   -2.0807   -2.4733   -5.0689
    0.0378   -1.6713    0.1054
   -1.3668   -1.6833   -2.7271
   -1.1043   -0.0500   -0.0022
   -2.1269    2.2016   -4.5034
   -2.6217    1.1250   -0.6580
   -2.4300    1.2856   -1.0507
   -0.6805   -1.2418   -0.8749
    1.9933    1.4295    1.8663
   -2.7827   -0.8830   -0.2905
    1.1858    1.6513    2.6877
    0.1373    0.7370    0.0770
   -1.7003    2.6677   -7.1058
   -0.8912   -2.9187   -6.5369
    1.3709    1.4770    2.1518
    0.2034   -2.7882    1.4513
   -1.9058    2.2069   -4.9826
    0.3672   -2.4835    2.1019
   -0.2708    2.4910   -1.7564
    0.3672   -0.4704    0.0775
    0.6212   -2.7138    4.2180
    0.3173   -1.1963    0.4360
   -0.4803    0.6284   -0.1862
    2.8209    0.8603    0.2290
    1.0396   -0.5093    0.2241
   -0.7818   -2.9283   -5.9040
   -0.6652   -1.1780   -0.9170
    2.5237   -0.1992    0.0228
    0.1660   -1.9748    0.6617
   -2.1177   -0.0032   -0.0000
   -2.1990    1.6948   -2.1788
   -1.1546    0.0876   -0.0068
    1.1673    2.6730    6.5070
   -1.6416    0.7171   -0.5497
    2.2210    0.8670    0.5928
   -0.6255    1.6304   -1.6948
   -2.4030   -0.4140   -0.1111
    0.2101    0.6780    0.1028
   -2.1261    0.1445   -0.0170
   -2.7058    2.1782   -1.8270
    2.9503    2.1940    0.8309
   -2.7728   -0.3321   -0.0422
    2.6415    0.7494    0.2594
   -1.5603   -2.2417   -4.9536
   -0.9937    0.2758   -0.0653
   -2.8083    1.3763   -0.5934
   -2.8612    1.4959   -0.6400
   -1.0529   -2.0924   -3.7607
   -1.1150    0.0958   -0.0080
   -2.7761   -1.9535   -1.3375
    1.4842    0.6970    0.4750
   -1.6561    2.6340   -7.1371
   -1.7603    1.6266   -2.3872
    0.7304    1.2518    0.9938
    2.3647    1.6579    1.7860
   -0.7187    0.3318   -0.0700
    1.6417    1.9990    3.8022
    1.8549    1.6674    2.6104
    1.8954   -0.4385    0.1657
   -2.3659    0.8664   -0.5463
   -2.8099    2.0030   -1.4187
   -1.3155   -2.0965   -4.0155
   -2.3245    2.5538   -4.3553
    1.7319    1.5985    2.4011
    2.1331   -2.6958    5.7704
   -2.2409    2.0382   -3.2210
    0.9905    2.1940    4.0237
   -0.4050   -0.8088   -0.2769
    0.6374    2.3343    3.3005
   -2.6260   -1.4356   -1.0578
   -1.4935   -1.4935   -2.2214
    1.2190   -0.1580    0.0217
   -2.0650    0.1404   -0.0165
    1.4298   -1.3071    1.5631
    1.9071   -2.5008    5.3926
    2.6528   -1.4998    1.1281
    2.3328    0.6712    0.3562
    1.3322    0.8084    0.5966
   -2.0863    1.8972   -2.8771
    1.5980    1.0809    1.1022
    1.5053   -0.5284    0.2992
    2.3958    0.9826    0.6836
   -0.5896    0.6094   -0.2217
   -1.3147   -2.1786   -4.1431
    2.1017    2.8734    7.1643
   -2.8332    0.3946   -0.0434
    2.4201   -1.4466    1.3525
   -0.8584    0.2798   -0.0549
    2.5741    2.0237    1.9870
    2.3883    0.6105    0.2633
    0.7898   -0.0997    0.0068
   -0.8037    0.4358   -0.1322
   -0.4969   -0.2719   -0.0340
    0.7196    1.4463    1.3360
    1.6292    1.5616    2.2749
   -2.4769    0.3149   -0.0656
   -0.3571   -1.4429   -0.7405
   -0.7128    1.4784   -1.5560
    2.2360    2.9775    6.5979
    1.6340   -0.4757    0.2045
   -1.6900   -1.3777   -1.6997
   -1.5966   -0.2685   -0.0784
    1.7891   -0.2326    0.0484
    2.3237   -2.1862    3.3372
   -2.5223   -2.7265   -3.9477
   -0.9705   -2.4549   -5.3830
    0.5411   -0.0115    0.0001
   -2.9054   -2.1723   -1.1808
   -1.0618   -0.1211   -0.0118
   -2.3582   -2.4494   -4.2570
    0.0250   -2.3568    0.1409
    1.4572   -2.4454    6.0984
   -2.7385   -0.1474   -0.0089
   -1.2305    2.2553   -4.4617
    0.9993   -0.2672    0.0555
    1.0872    2.3902    5.5252
   -0.1520   -1.8745   -0.5283
    0.0142   -0.6745    0.0063
   -0.7133    0.6018   -0.2157
   -1.3004   -0.2902   -0.0851
    0.0196   -2.1361    0.0905
   -1.6210   -1.7172   -3.1252
   -0.6607    0.4299   -0.1054
   -2.1181    2.8459   -6.4905
   -0.1240    1.4890   -0.2647
    0.9636    0.5040    0.1942
   -1.9947   -1.0377   -1.0352
   -0.5300   -0.5396   -0.1519
    2.7032    0.2769    0.0348
   -0.4147    2.6541   -2.8969
   -0.2534    0.3113   -0.0251
    2.7434    1.8949    1.4934
   -2.4263   -0.6724   -0.3125
    1.9735   -0.1159    0.0117
   -1.8198    1.9176   -3.2479
   -2.4312    1.2645   -1.0350
   -0.0751    0.8038   -0.0506
    1.9107   -0.5477    0.2951
    1.9282    2.5797    6.2306
    2.8588    2.0341    1.1014
    1.7576    1.7028    2.9511
   -1.0621    0.0242   -0.0005
   -1.2204    2.1111   -4.2386
   -1.2719   -0.7322   -0.4978
    2.8114   -1.9761    1.1713
    1.0320    1.9310    3.0205
    0.4638    1.6923    1.2441
    1.0321    0.6018    0.3054
   -0.9139    2.1875   -3.4859
   -2.7536   -0.2147   -0.0181
    0.7101    2.8436    5.3624
   -1.0606   -1.2553   -1.2692
    0.0057    2.2373    0.0310
   -1.1445   -1.6502   -2.3186
    0.2613   -2.3990    1.5000
    2.6939   -1.0481    0.4674
   -0.7893    0.1494   -0.0163
    0.7685   -1.5976    1.6264
   -0.5091   -1.0093   -0.4682
    2.1692    0.3041    0.0828
   -2.3795   -2.0376   -2.8988
    1.4491   -2.3894    6.0245
    1.2417    2.3318    4.7056
    0.9496   -1.1868    1.0645
   -2.4348    0.5077   -0.1781
    2.5925    0.1368    0.0099
    0.0528   -1.3069    0.0930
   -1.1870    1.6656   -2.3793
   -1.4681    2.1928   -4.3774
   -2.5650   -0.9932   -0.5063
    2.1786   -0.1086    0.0088
    0.1911   -0.2125    0.0082
    0.9250   -1.6982    2.1858
    1.0276    1.8486    3.0084
    1.4814   -1.2386    1.4569
   -2.7098    0.9560   -0.4133
   -0.1892    0.5539   -0.0563
    1.5311    2.0382    4.2158
    0.4497    2.6807    2.8372
   -1.6104   -1.8919   -3.7605
    1.5296    1.5107    2.1342
   -1.3154   -1.5715   -2.5727
    2.0054    1.5854    2.4010
   -0.9246   -0.4427   -0.1562
   -2.8048   -2.2300   -1.7436
    1.7991    1.1361    1.3743
   -0.2580    0.8923   -0.2142
    1.0820   -2.9564    7.6154
    2.8913    1.6894    0.6919
   -0.3864   -2.1349   -1.6531
   -2.7926   -2.7693   -2.8824
    0.9132   -1.0089    0.8291
    2.1915    2.0191    3.2945
   -1.9738   -0.2049   -0.0377
   -0.8867    1.2794   -1.2763
    1.0383    2.0866    3.5875
   -1.5952   -0.7039   -0.5029
    2.4903    1.3381    1.1213
   -2.4533    1.7759   -1.8495
   -1.0078    2.7633   -6.9439
   -0.2606   -1.8674   -0.9760
   -0.4249   -2.9640   -3.4010
   -2.8036    2.1404   -1.4706
    1.8538   -1.4522    2.1255
   -2.6265    2.3448   -2.8332
   -0.1626   -2.3456   -0.8254
   -2.8883   -1.1093   -0.3046
   -2.9167   -1.5024   -0.5190
   -2.1143   -0.6724   -0.3542
   -2.1368    2.8767   -7.3157
    0.6669   -1.9201    2.1651
   -0.3288   -2.1281   -1.4855
   -0.7406   -2.4446   -4.0106
   -2.6919   -2.3400   -2.5240
    0.6350    1.6336    1.7251
    1.9831   -0.6523    0.3714
    2.5391   -2.4797    3.4927
   -1.3672    1.7340   -2.8974
   -0.1142   -0.0978   -0.0011
    2.5697   -0.4352    0.1008
    0.3031    0.7449    0.1721
   -2.5554    1.4437   -1.2590
    0.2597    1.2349    0.3552
   -1.4687   -0.5108   -0.2349
    0.6644    1.8566    2.2892
   -1.5572    1.8655   -3.7800
    2.5858    2.0093    2.3030
   -1.6320   -2.6038   -6.1845
    2.9308    0.2855    0.0171
    0.3163    1.1557    0.3758
   -0.0581   -1.0690   -0.0683
    0.0890    0.6918    0.0396
    2.0357    2.8048    7.7189
    2.7471    0.7650    0.2409
    0.0531    0.5414    0.0158
   -1.9442   -0.2194   -0.0407
    0.6278   -0.4783    0.1307
    0.1103   -0.1018    0.0011
   -2.8701   -1.9092   -0.9382
   -1.9135    2.4068   -5.3837
    2.8137   -2.6646    2.1063
    0.5463   -1.0756    0.6163
    2.0627    0.2109    0.0425
    2.2317    1.0690    0.9016
    1.0327   -0.5664    0.2837
    2.2169   -0.3711    0.1061
   -1.4904    0.3838   -0.1558
   -0.2087    2.5148   -1.2999
    0.0346    2.6733    0.2670
   -1.5963   -1.4028   -1.7776
    1.5524   -1.0847    1.1417
   -1.3633   -1.2407   -1.6366
   -1.1278    1.9407   -3.2863
    1.5899   -0.1369    0.0175
   -0.9341    1.5985   -2.0779
    1.7484    0.2811    0.0764
   -2.1974   -1.3629   -1.5519
    1.7165   -0.5500    0.3109
    0.7122   -0.7647    0.3796
   -1.1971    0.4127   -0.1526
    1.2035   -2.4006    5.7107
   -1.6267   -2.2576   -4.7829
    0.4250   -0.8966    0.3329
    0.5333    0.7759    0.2926
    0.6502    2.3770    3.7419
    0.0290   -2.0771    0.1294
    2.2955    1.5480    1.7163
    1.2452    0.5080    0.2389
   -2.9678   -0.2944   -0.0152
    2.7608   -2.2576    1.7406
    0.4523    2.1262    2.1123
    2.4798   -0.5264    0.1675
   -1.7680   -1.1218   -1.3228
    1.3561   -0.7560    0.5344
    1.7686   -1.1312    1.2268
   -1.7061   -2.4747   -6.4139
   -1.7660    1.9473   -3.8579
    1.7688    1.8768    3.5458
   -1.3728    0.1858   -0.0352
   -1.6655    0.8834   -0.7522
    0.3550    2.4404    1.8868
   -2.1724    1.3056   -1.2687
   -1.1953   -2.4350   -5.1890
   -1.5872   -0.2916   -0.0807
    0.2788   -2.8141    2.2209
    1.0113   -1.4675    1.6799
   -2.9481    0.8946   -0.1429
    1.0763    1.2478    1.4936
   -2.1207    2.5286   -5.7316
    2.1473   -1.7560    2.3978
   -2.5773    0.8787   -0.4254
   -2.1188    2.3014   -4.1303
   -1.8680   -2.2789   -5.1097
    2.1943   -2.4129    4.3806
    1.8135   -0.5204    0.2507
    2.1427   -0.0575    0.0026
   -2.8555   -0.9861   -0.2971
   -0.1196    0.2321   -0.0069
    1.8268   -0.4560    0.1838
   -0.5650   -0.5711   -0.1743
   -2.9713    1.6972   -0.4404
    0.3114    0.2195    0.0142
    1.5783   -0.1469    0.0219
   -1.1179    0.3039   -0.0881
    1.0433    2.6252    5.5251
   -1.2449   -2.9753   -8.4605
    2.9267   -0.3957    0.0327
    0.9164   -0.5992    0.2851
    1.2296   -0.7347    0.5553
    2.8767    1.3706    0.4561
   -1.6791    0.9996   -0.9846
    2.0808   -1.3710    1.6020
    2.3396   -0.1146    0.0090
   -0.1201    0.3063   -0.0113
    2.0349   -0.6366    0.3559
   -1.4503    1.6490   -2.8113
    0.2959   -0.5507    0.0825
   -1.1513    2.6198   -5.9870
    2.9486   -0.8229    0.1305
   -0.2072   -2.5798   -1.2866
   -2.6001    2.7798   -4.2730
   -1.5131    0.9635   -0.9080
    0.0153   -0.5181    0.0043
    0.5686   -1.1021    0.6717
    1.1094    2.4002    4.9731
   -1.7851   -2.2259   -4.9613
    1.0857    1.9296    3.5862
   -2.4009    1.4605   -1.3445
   -0.1856    0.7807   -0.1157
   -2.3275    2.5941   -5.1178
   -0.8124   -1.3746   -1.3693
   -0.2208    1.1191   -0.2617
    1.4917    2.2808    5.0648
   -1.0120   -2.8404   -6.5403
   -0.2768   -1.5144   -0.6106
   -0.2985    1.7557   -0.9654
    1.7704   -1.9226    3.4173
   -0.8857    2.7911   -5.8041
   -1.3493    2.0660   -4.4799
   -1.9847    0.9013   -0.7197
    0.4030    2.9390    3.2923
    1.7552    0.0263    0.0007
    2.8567    1.6060    0.7811
   -2.9680    2.7783   -1.4209
   -1.1721    0.2276   -0.0495
   -1.2805   -0.1565   -0.0232
   -2.3658    1.7804   -2.2250